-6.016731446452518173e-02 1.622833598550943099e-02 -1.347014196744194259e-01 8.036508227501040769e-02 -2.010350969037976721e-01 1.208331646043467877e-01
-6.016731446452518173e-02 1.622833598550943099e-02 -1.347014196744194259e-01 8.036508227501040769e-02 -2.010350969037976721e-01 1.208331646043467877e-01
-6.016731446452518173e-02 1.622833598550943099e-02 -1.347014196744194259e-01 8.036508227501040769e-02 -2.010350969037976721e-01 1.208331646043467877e-01
-6.016731446452518173e-02 1.622833598550943099e-02 -1.347014196744194259e-01 8.036508227501040769e-02 -2.010350969037976721e-01 1.208331646043467877e-01
1.703323246245928456e-03 -3.297096546335916145e-02 -1.057607896926098245e-01 8.187424083492550464e-02 1.216930312465882985e-01 -2.707614150832471627e-03
1.703323246245928456e-03 -3.297096546335916145e-02 -1.057607896926098245e-01 8.187424083492550464e-02 1.216930312465882985e-01 -2.707614150832471627e-03
1.703323246245928456e-03 -3.297096546335916145e-02 -1.057607896926098245e-01 8.187424083492550464e-02 1.216930312465882985e-01 -2.707614150832471627e-03
1.703323246245928456e-03 -3.297096546335916145e-02 -1.057607896926098245e-01 8.187424083492550464e-02 1.216930312465882985e-01 -2.707614150832471627e-03
9.792595683961455300e-02 -4.110923836094746986e-01 1.602844272665237824e-01 -2.913081380832593589e-02 -2.837069244994935846e-02 6.669064383917495606e-03
9.792595683961455300e-02 -4.110923836094746986e-01 1.602844272665237824e-01 -2.913081380832593589e-02 -2.837069244994935846e-02 6.669064383917495606e-03
9.792595683961455300e-02 -4.110923836094746986e-01 1.602844272665237824e-01 -2.913081380832593589e-02 -2.837069244994935846e-02 6.669064383917495606e-03
9.792595683961455300e-02 -4.110923836094746986e-01 1.602844272665237824e-01 -2.913081380832593589e-02 -2.837069244994935846e-02 6.669064383917495606e-03
-4.671862234924924195e-02 2.578244865200994117e-03 -1.132735499362824139e-01 -1.103715518821680661e-02 -7.956798432028533430e-02 -2.106180188176232371e-01
-4.671862234924924195e-02 2.578244865200994117e-03 -1.132735499362824139e-01 -1.103715518821680661e-02 -7.956798432028533430e-02 -2.106180188176232371e-01
-4.671862234924924195e-02 2.578244865200994117e-03 -1.132735499362824139e-01 -1.103715518821680661e-02 -7.956798432028533430e-02 -2.106180188176232371e-01
-4.671862234924924195e-02 2.578244865200994117e-03 -1.132735499362824139e-01 -1.103715518821680661e-02 -7.956798432028533430e-02 -2.106180188176232371e-01
1.190265236706734148e-02 -3.315260492541105553e-02 -1.290527675923912598e-01 8.134368065707797690e-02 1.543148673418146544e-01 4.220429154539218075e-02
1.190265236706734148e-02 -3.315260492541105553e-02 -1.290527675923912598e-01 8.134368065707797690e-02 1.543148673418146544e-01 4.220429154539218075e-02
1.190265236706734148e-02 -3.315260492541105553e-02 -1.290527675923912598e-01 8.134368065707797690e-02 1.543148673418146544e-01 4.220429154539218075e-02
1.190265236706734148e-02 -3.315260492541105553e-02 -1.290527675923912598e-01 8.134368065707797690e-02 1.543148673418146544e-01 4.220429154539218075e-02
-6.845449870323641606e-02 7.741842938217503856e-02 -4.617864621524937069e-02 -2.947666015112205273e-01 3.078208449888953854e-02 5.008422039553792754e-02
-6.845449870323641606e-02 7.741842938217503856e-02 -4.617864621524937069e-02 -2.947666015112205273e-01 3.078208449888953854e-02 5.008422039553792754e-02
-6.845449870323641606e-02 7.741842938217503856e-02 -4.617864621524937069e-02 -2.947666015112205273e-01 3.078208449888953854e-02 5.008422039553792754e-02
-6.845449870323641606e-02 7.741842938217503856e-02 -4.617864621524937069e-02 -2.947666015112205273e-01 3.078208449888953854e-02 5.008422039553792754e-02
3.813531158413474009e-01 2.405008647203605854e-01 1.238173804300790742e-01 2.131185550262877995e-02 -1.756800242386703445e-02 -3.355072074170366639e-03
3.813531158413474009e-01 2.405008647203605854e-01 1.238173804300790742e-01 2.131185550262877995e-02 -1.756800242386703445e-02 -3.355072074170366639e-03
3.813531158413474009e-01 2.405008647203605854e-01 1.238173804300790742e-01 2.131185550262877995e-02 -1.756800242386703445e-02 -3.355072074170366639e-03
3.813531158413474009e-01 2.405008647203605854e-01 1.238173804300790742e-01 2.131185550262877995e-02 -1.756800242386703445e-02 -3.355072074170366639e-03
-3.175446127772644789e-01 1.404900790449986614e-01 2.448653654143493341e-01 7.003971123812090249e-02 1.975179301060670661e-02 -3.110035886568158006e-03
-3.175446127772644789e-01 1.404900790449986614e-01 2.448653654143493341e-01 7.003971123812090249e-02 1.975179301060670661e-02 -3.110035886568158006e-03
-3.175446127772644789e-01 1.404900790449986614e-01 2.448653654143493341e-01 7.003971123812090249e-02 1.975179301060670661e-02 -3.110035886568158006e-03
-3.175446127772644789e-01 1.404900790449986614e-01 2.448653654143493341e-01 7.003971123812090249e-02 1.975179301060670661e-02 -3.110035886568158006e-03
-6.016731446452518173e-02 1.622833598550943099e-02 -1.347014196744194259e-01 8.036508227501040769e-02 -2.010350969037976721e-01 1.208331646043467877e-01
-6.016731446452518173e-02 1.622833598550943099e-02 -1.347014196744194259e-01 8.036508227501040769e-02 -2.010350969037976721e-01 1.208331646043467877e-01
-6.016731446452518173e-02 1.622833598550943099e-02 -1.347014196744194259e-01 8.036508227501040769e-02 -2.010350969037976721e-01 1.208331646043467877e-01
-6.016731446452518173e-02 1.622833598550943099e-02 -1.347014196744194259e-01 8.036508227501040769e-02 -2.010350969037976721e-01 1.208331646043467877e-01
1.703323246245928456e-03 -3.297096546335916145e-02 -1.057607896926098245e-01 8.187424083492550464e-02 1.216930312465882985e-01 -2.707614150832471627e-03
1.703323246245928456e-03 -3.297096546335916145e-02 -1.057607896926098245e-01 8.187424083492550464e-02 1.216930312465882985e-01 -2.707614150832471627e-03
1.703323246245928456e-03 -3.297096546335916145e-02 -1.057607896926098245e-01 8.187424083492550464e-02 1.216930312465882985e-01 -2.707614150832471627e-03
1.703323246245928456e-03 -3.297096546335916145e-02 -1.057607896926098245e-01 8.187424083492550464e-02 1.216930312465882985e-01 -2.707614150832471627e-03
9.792595683961455300e-02 -4.110923836094746986e-01 1.602844272665237824e-01 -2.913081380832593589e-02 -2.837069244994935846e-02 6.669064383917495606e-03
9.792595683961455300e-02 -4.110923836094746986e-01 1.602844272665237824e-01 -2.913081380832593589e-02 -2.837069244994935846e-02 6.669064383917495606e-03
9.792595683961455300e-02 -4.110923836094746986e-01 1.602844272665237824e-01 -2.913081380832593589e-02 -2.837069244994935846e-02 6.669064383917495606e-03
9.792595683961455300e-02 -4.110923836094746986e-01 1.602844272665237824e-01 -2.913081380832593589e-02 -2.837069244994935846e-02 6.669064383917495606e-03
-4.671862234924924195e-02 2.578244865200994117e-03 -1.132735499362824139e-01 -1.103715518821680661e-02 -7.956798432028533430e-02 -2.106180188176232371e-01
-4.671862234924924195e-02 2.578244865200994117e-03 -1.132735499362824139e-01 -1.103715518821680661e-02 -7.956798432028533430e-02 -2.106180188176232371e-01
-4.671862234924924195e-02 2.578244865200994117e-03 -1.132735499362824139e-01 -1.103715518821680661e-02 -7.956798432028533430e-02 -2.106180188176232371e-01
-4.671862234924924195e-02 2.578244865200994117e-03 -1.132735499362824139e-01 -1.103715518821680661e-02 -7.956798432028533430e-02 -2.106180188176232371e-01
1.190265236706734148e-02 -3.315260492541105553e-02 -1.290527675923912598e-01 8.134368065707797690e-02 1.543148673418146544e-01 4.220429154539218075e-02
1.190265236706734148e-02 -3.315260492541105553e-02 -1.290527675923912598e-01 8.134368065707797690e-02 1.543148673418146544e-01 4.220429154539218075e-02
1.190265236706734148e-02 -3.315260492541105553e-02 -1.290527675923912598e-01 8.134368065707797690e-02 1.543148673418146544e-01 4.220429154539218075e-02
1.190265236706734148e-02 -3.315260492541105553e-02 -1.290527675923912598e-01 8.134368065707797690e-02 1.543148673418146544e-01 4.220429154539218075e-02
-6.845449870323641606e-02 7.741842938217503856e-02 -4.617864621524937069e-02 -2.947666015112205273e-01 3.078208449888953854e-02 5.008422039553792754e-02
-6.845449870323641606e-02 7.741842938217503856e-02 -4.617864621524937069e-02 -2.947666015112205273e-01 3.078208449888953854e-02 5.008422039553792754e-02
-6.845449870323641606e-02 7.741842938217503856e-02 -4.617864621524937069e-02 -2.947666015112205273e-01 3.078208449888953854e-02 5.008422039553792754e-02
-6.845449870323641606e-02 7.741842938217503856e-02 -4.617864621524937069e-02 -2.947666015112205273e-01 3.078208449888953854e-02 5.008422039553792754e-02
3.813531158413474009e-01 2.405008647203605854e-01 1.238173804300790742e-01 2.131185550262877995e-02 -1.756800242386703445e-02 -3.355072074170366639e-03
3.813531158413474009e-01 2.405008647203605854e-01 1.238173804300790742e-01 2.131185550262877995e-02 -1.756800242386703445e-02 -3.355072074170366639e-03
3.813531158413474009e-01 2.405008647203605854e-01 1.238173804300790742e-01 2.131185550262877995e-02 -1.756800242386703445e-02 -3.355072074170366639e-03
3.813531158413474009e-01 2.405008647203605854e-01 1.238173804300790742e-01 2.131185550262877995e-02 -1.756800242386703445e-02 -3.355072074170366639e-03
-3.175446127772644789e-01 1.404900790449986614e-01 2.448653654143493341e-01 7.003971123812090249e-02 1.975179301060670661e-02 -3.110035886568158006e-03
-3.175446127772644789e-01 1.404900790449986614e-01 2.448653654143493341e-01 7.003971123812090249e-02 1.975179301060670661e-02 -3.110035886568158006e-03
-3.175446127772644789e-01 1.404900790449986614e-01 2.448653654143493341e-01 7.003971123812090249e-02 1.975179301060670661e-02 -3.110035886568158006e-03
-3.175446127772644789e-01 1.404900790449986614e-01 2.448653654143493341e-01 7.003971123812090249e-02 1.975179301060670661e-02 -3.110035886568158006e-03
